-7303024
-7237231
-7237231
-7237231
-7237231
-7631989
-7763575
-7697782
-7303024
-8092540
-8158333
-7697782
-8421505
-9079435
-8882056
-9934744
-9211021
-11908534
-11250604
-13750738
-11776948
-14540254
-14606047
-15921907
-15461356
-15395563
-13290187
-15527149
-7566196
-7434610
-7960954
-7368817
-7368817
-7368817
-7303024
-7303024
-7303024
-7303024
-7303024
-7763575
-8421505
-7697782
-7631989
-7631989
-8158333
-7895161
-9013642
-8618884
-7237231
-7237231
-7500403
-7368817
-7368817
-7434610
-7303024
-7237231
-7829368
-8092540
-8553091
-7500403
-16053493
-16185079
-16382458
-16579837
-16777216
-16777216
-16777216
-16777216
-16777216
-16777216
-16448251
-16645630
-16777216
-16777216
-16777216
-16777216
-16777216
-16777216
-14277082
-14079703
-12237499
-14671840
-12698050
-14737633
-14869219
-14342875
-15395563
-15395563
-16514044
-16448251
-16119286
-7237231
-7237231
-7237231
-7237231
-7237231
-7368817
-7829368
-7500403
-7434610
-8355712
-8355712
-7303024
-7303024
-7434610
-9737365
-10592674
-11447983
-12237499
-8816263
-9737365
-14013910
-7303024
-7237231
-7237231
-7237231
-7237231
-7237231
-7237231
-7303024
-7303024
-7303024
-7237231
-7237231
-8421505
-8487298
-8421505
-8224126
-8289919
-7960954
-8684677
-7763575
-8684677
-8684677
-7631989
-9605779
-8618884
-8618884
-8355712
-9737365
-9737365
-9803158
-9605779
-9868951
-9737365
-9408400
-8553091
-9737365
-7829368
-9079435
-8553091
-9211021
-7500403
-7434610
-7368817
-7368817
-16777216
-16777216
-16777216
-16711423
-16777216
-16711423
-16777216
-16777216
-16777216
-16711423
-16711423
-16119286
-16382458
-16711423
-16250872
-16316665
-16711423
-16777216
-16777216
-16777216
-16777216
-16777216
-16777216
-16777216
-16777216
-15198184
-16711423
-15395563
-15856114
-16645630
-15395563
-15263977
-16645630
-16645630
-16645630
-16777216
-16185079
-16777216
-16645630
-16777216
-16777216
-16777216
-16777216
-16777216
-16777216
-16579837
-16777216
-16777216
-16777216
-16382458
-16250872
-16316665
-16316665
-16250872
-16514044
-16579837
-16579837
-16382458
-16250872
-16185079
-16316665
-16250872
-16250872
-16250872
-16119286
-16185079
-16053493
-15856114
-16053493
-15921907
-15856114
-15856114
-16777216
-16777216
-16777216
-16777216
-16777216
-16777216
-16777216
-16777216
-16777216
-16777216
-16777216
-16777216
-16777216
-16777216
-16777216
-16777216
-16777216
-16777216
-16777216
-16777216
-16777216
-16777216
-16777216
-16777216
-16777216
-16711423
-16711423
-16777216
-16777216
-16777216
-16777216
-16777216
-16777216
-16777216
-16777216
-16777216
-16711423
-16711423
-16645630
-16645630
-16777216
-16777216
-16777216
-16777216
-16777216
-16777216
-16777216
-16777216
-16777216
-16777216
-14803426
-16711423
-15263977
-15987700
-15790321
-13750738
-11711155
-12434878
-12566464
-12171706
-12369085
-12171706
-13158601
-13619152
-14474461
-9934744
-10132123
-14013910
-11250604
-11908534
-7895161
-10197916
-11645362
-16711423
-16711423
-16777216
-16711423
-16777216
-16645630
-16645630
-16711423
-16579837
-16645630
-16316665
-16185079
-15790321
-15724528
-15198184
-10790053
-8882056
-8816263
-8750470
-8421505
-8487298
-8487298
-8684677
-8092540
-8355712
-8421505
-8092540
-11382190
-11579569
-13619152
-16053493
-10395295
-11250604
-8750470
-7960954
-8750470
-8684677
-9605779
-9934744
-8816263
-15198184
-15263977
-15658735
-15790321
-15198184
-15329770
-14013910
-15263977
-16119286
-14474461
-14408668
-14277082
-13816531
-14540254
-13421773
-8750470
-10197916
-8750470
-8816263
-9013642
-9276814
-9013642
-10329502
-9145228
-9211021
-8947849
-9474193
-9408400
-9013642
-9474193
-9868951
-8947849
-9079435
-10395295
-10526881
-10921639
-10132123
-10197916
-10790053
-9145228
-10855846
-11316397
-10987432
-11447983
-10197916
-10263709
-10000537
-10461088
-9605779
-10197916
-12171706
-9737365
-8750470
-8750470
-8684677
-9474193
-13750738
-13619152
-11513776
-13750738
-13355980
-13750738
-13355980
-14935012
-13290187
-12434878
-12961222
-13421773
-14869219
-13750738
-13684945
-14869219
-7631989
-7434610
-7434610
-7303024
-7303024
-7303024
-7237231
-7237231
-7237231
-7237231
-7237231
-8092540
-8421505
-8026747
-8684677
-8618884
-8684677
-8618884
-10197916
-8882056
-7303024
-7303024
-7303024
-7237231
-7237231
-7237231
-7237231
-7237231
-7303024
-7368817
-7237231
-7303024
-7237231
-7303024
-7303024
-7237231
-7303024
-7237231
-7237231
-7368817
-7895161
-9474193
-8421505
-7895161
-10132123
-11842741
-9539986
-9013642
-7434610
-7434610
-7303024
-7303024
-8816263
-8947849
-16777216
-16777216
-16777216
-16777216
-16777216
-16777216
-16777216
-16777216
-10000537
-10921639
-9868951
-10395295
-10000537
-9474193
-10461088
-13619152
-11119018
-11579569
-11513776
-12566464
-12434878
-13027015
-13224394
-12237499
-11119018
-10132123
-12040120
-10197916
-9408400
-10329502
-10395295
-14935012
-15987700
-14935012
-15724528
-16316665
-15856114
-15856114
-16119286
-15395563
-14935012
-16777216
-16777216
-16777216
-16777216
-16777216
-16777216
-16777216
-16777216
-16514044
-16777216
-16579837
-16645630
-16711423
-16777216
-16711423
-16711423
-16777216
-11645362
-11711155
-12829636
-14408668
-14803426
-15198184
-12829636
-16711423
-16579837
-16316665
-16448251
-16185079
-16777216
-16645630
-16645630
-16711423
-16579837
-13882324
-14671840
-12698050
-14408668
-14277082
-11645362
-9342607
-8947849
-15921907
-16579837
-16711423
-16711423
-16777216
-16711423
-15461356
-16382458
-16777216
-16777216
-16777216
-16777216
-16777216
-16711423
-16777216
-16777216
-16777216
-16711423
-16711423
-16777216
-16777216
-16777216
-16777216
-16777216
-16711423
-16711423
-16777216
-13158601
-14803426
-13027015
-13948117
-12829636
-15461356
-14935012
-15987700
-14935012
-15066598
-15921907
-16250872
-13750738
-14408668
-16645630
-16645630
-16711423
-16579837
-8026747
-8947849
-7434610
-9737365
-8224126
-7303024
-7237231
-7237231
-7237231
-7237231
-7237231
-7237231
-7303024
-7500403
-7237231
-7237231
-7303024
-11842741
-15263977
-12369085
-10987432
-14803426
-13816531
-10592674
-12632257
-8224126
-7631989
-9276814
-10000537
-11776948
-12632257
-10724260
-7237231
-7237231
-7237231
-7303024
-7368817
-7829368
-8421505
-16185079
-16711423
-15527149
-15592942
-15987700
-15790321
-16119286
-16448251
-12961222
-14013910
-14869219
-15066598
-15198184
-16579837
-16579837
-16777216
-16711423
-15198184
-16119286
-16382458
-16514044
-16777216
-16777216
-16777216
-16645630
-16777216
-16777216
-16777216
-16711423
-16645630
-14145496
-16777216
-16777216
-16777216
-16777216
-16316665
-12698050
-13816531
-15461356
-16053493
-14211289
-15921907
-14408668
-14737633
-16711423
-16645630
-16448251
-16053493
-15527149
-15921907
-7500403
-13882324
-14145496
-13619152
-14342875
-13750738
-13816531
-14145496
-14013910
-13421773
-16053493
-15527149
-14671840
-14474461
-16382458
-16711423
-16250872
-15395563
-15329770
-16185079
-16777216
-10790053
-14869219
-16448251
-8158333
-9079435
-9211021
-12763843
-10790053
-13684945
-11645362
-14211289
-16777216
-16711423
-15198184
-16316665
-16711423
-14474461
-13816531
-14342875
-14408668
-15329770
-15263977
-13355980
-12829636
-13421773
-13619152
-13619152
-13027015
-14803426
-14013910
-13619152
-13684945
-16250872
-16514044
-15724528
-16382458
-15329770
-14606047
-14935012
-15658735
-16777216
-16777216
-16777216
-16777216
-16711423
-16645630
-16579837
-16514044
-16777216
-16777216
-16777216
-16777216
-15592942
-16119286
-16250872
-16711423
-16579837
-16777216
-15987700
-16645630
-16250872
-16777216
-16514044
-16777216
-16777216
-16777216
-16777216
-16777216
-16777216
-16777216
-16711423
-16316665
-16711423
-16514044
-16777216
-16711423
-15066598
-14013910
-15527149
-15132391
-15856114
-15658735
-13224394
-13027015
-13355980
-14145496
-13816531
-14211289
-14013910
-13619152
-13553359
-14211289
-16185079
-16514044
-15987700
-16711423
-16711423
-16777216
-16777216
-16777216
-16777216
-16777216
-16777216
-16777216
-16777216
-16777216
-16711423
-16514044
-16119286
-15921907
-15395563
-15592942
-15395563
-16777216
-16645630
-10132123
-11053225
-16250872
-16316665
-14935012
-14408668
-11842741
-16777216
-13027015
-10066330
-9211021
-7697782
-7237231
-8355712
-16579837
-8684677
-7763575
-7303024
-7960954
-7829368
-7895161
-7368817
-7697782
-7895161
-8158333
-7960954
-8882056
-10197916
-8487298
-8421505
-8487298
-8816263
-9342607
-9276814
-10263709
-16777216
-9605779
-8816263
-7303024
-7237231
-7697782
-9211021
-10197916
-15790321
-15000805
-12303292
-14013910
-13553359
-16777216
-16777216
-16777216
-16645630
-16316665
-16777216
-16777216
-16777216
-7631989
-8092540
-9803158
-9013642
-7237231
-7368817
-7895161
-7763575
-7368817
-7237231
-7237231
-7368817
-7303024
-7434610
-7303024
-7237231
-7303024
-16579837
-16579837
-16777216
-16053493
-14869219
-16777216
-16777216
-16777216
-16777216
-16645630
-15790321
-14145496
-13224394
-13224394
-11447983
-13421773
-8750470
-10987432
-13092808
-13487566
-11842741
-7434610
-12105913
-14079703
-15395563
-13619152
-13553359
-16382458
-16711423
-15329770
-15724528
-16711423
-16777216
-16645630
-16711423
-15987700
-12369085
-9803158
-7237231
-7368817
-7763575
-7237231
-7237231
-16777216
-14408668
-15263977
-14211289
-16316665
-16579837
-13092808
-13224394
-12303292
-10263709
-8882056
-16777216
-16777216
-10658467
-8224126
-9342607
-9342607
-7566196
-9276814
-7895161
-16777216
-16777216
-16711423
-16777216
-16777216
-16777216
-16777216
-15987700
-16382458
-16777216
-16777216
-7303024
-7434610
-16250872
-16777216
-16777216
-16448251
-16579837
-16711423
-16777216
-16777216
-16777216
-16777216
-7368817
-16711423
-16777216
-16777216
-8026747
-7237231
-16777216
-16777216
-16777216
-16185079
-7237231
-8816263
-16316665
-11184811
-16382458
-16777216
-16711423
-14277082
-14211289
-14803426
-15527149
-16250872
-16579837
-16711423
-7697782
-10329502
-13158601
-8947849
-8092540
-7960954
-7631989
-7631989
-7566196
-7631989
-7368817
-7434610
-7237231
-7237231
-7237231
-7237231
-7237231
-7237231
-7237231
-7237231
-7237231
-7237231
-7237231
-7237231
-7237231
-7237231
-7237231
-7237231
-7237231
-7237231
-7237231
-7237231
-7237231
-7237231
-7303024
-7434610
-7368817
-7303024
-7566196
-7697782
-8092540
-7763575
-8816263
-9934744
-9474193
-9342607
-8684677
-7237231
-7237231
-7237231
-7237231
-7237231
-7237231
-7303024
-7303024
-7237231
-7303024
-7237231
-7237231
-7237231
-7237231
-7237231
-7237231
-7303024
-7566196
-7237231
-7237231
-7434610
-7368817
-7237231
-7237231
-7237231
-7237231
-7237231
-7368817
-7237231
-7500403
-7829368
-8158333
-8224126
-9868951
-9211021
-9079435
-10855846
-11776948
-9671572
-8816263
-11513776
-10724260
-8553091
-7829368
-9474193
-8092540
-7434610
-7500403
-7237231
-7368817
-7237231
-7697782
-7237231
-7237231
-7237231
-7237231
-7763575
-8618884
-7895161
-10921639
-7829368
-9145228
-8092540
-8355712
-8750470
-11053225
-9539986
-11711155
-7303024
-7237231
-7566196
-7500403
-8224126
-9079435
-7237231
-7368817
-7237231
-7303024
-7237231
-7237231
-8947849
-10329502
-8421505
-10658467
-7829368
-8158333
-12434878
-13487566
-12500671
-14342875
-12040120
-13290187
-12763843
-12895429
-13487566
-13816531
-13948117
-14803426
-9934744
-9145228
-10987432
-9474193
-12171706
-12566464
-7368817
-7566196
-8026747
-7829368
-7368817
-8421505
-7303024
-9605779
-7237231
-7237231
-7237231
-7303024
-11974327
-14671840
-12040120
-11447983
-14211289
-14935012
-15921907
-16250872
-10395295
-9342607
-7237231
-7237231
-7303024
-7237231
-7960954
-7500403
-8947849
-11184811
-8092540
-11119018
-7500403
-7829368
-14408668
-15527149
-14145496
-15658735
-13421773
-14606047
-15329770
-15461356
-15724528
-15658735
-15856114
-16250872
-12369085
-10921639
-13684945
-10987432
-14671840
-14737633
-7500403
-7895161
-8750470
-8158333
-7895161
-10658467
-7434610
-7237231
-7237231
-7237231
-7500403
-7303024
-7237231
-7237231
-8750470
-9868951
-9868951
-8553091
-11382190
-7697782
-10526881
-7303024
-7500403
-15395563
-16250872
-14869219
-16053493
-13816531
-14869219
-16382458
-16382458
-16448251
-16250872
-16448251
-16579837
-14211289
-12369085
-15198184
-11842741
-15790321
-15592942
-7500403
-8158333
-9276814
-8224126
-8224126
-7434610
-7237231
-7237231
-7237231
-7566196
-7763575
-7237231
-7368817
-9671572
-13750738
-11513776
-16316665
-7895161
-10592674
-7368817
-9342607
-7237231
-7303024
-15461356
-16316665
-14606047
-15790321
-13158601
-14145496
-16579837
-16514044
-16579837
-16185079
-16448251
-16514044
-14803426
-12763843
-15592942
-11776948
-15987700
-15527149
-7500403
-8158333
-9276814
-8092540
-7237231
-7237231
-10132123
-7500403
-12171706
-7434610
-9145228
-7237231
-7960954
-7237231
-7237231
-14606047
-15856114
-13224394
-14408668
-11447983
-12171706
-16382458
-16316665
-16316665
-15395563
-16053493
-15856114
-14474461
-12171706
-15132391
-10790053
-15527149
-14540254
-7434610
-7895161
-8816263
-7763575
-7237231
-7237231
-7237231
-7697782
-7237231
-7368817
-12303292
-14013910
-10592674
-11316397
-8947849
-9145228
-15395563
-15132391
-15000805
-12961222
-14211289
-13487566
-12961222
-10526881
-13553359
-9145228
-13750738
-12105913
-7303024
-7631989
-8092540
-7434610
-7237231
-7237231
-7303024
-7237231
-8947849
-10132123
-7960954
-8092540
-7434610
-7434610
-12171706
-11711155
-11250604
-9211021
-10132123
-9211021
-10197916
-8553091
-10395295
-7763575
-10197916
-8816263
-7237231
-7368817
-7500403
-7303024
-7368817
-7303024
-7237231
-7237231
-7303024
-8684677
-7237231
-7237231
-7303024
-7368817
-7566196
-7237231
-7237231
-7237231
-7237231
-8355712
-8158333
-7960954
-7434610
-7566196
-7303024
-7960954
-7500403
-7895161
-7303024
-7763575
-7368817
-7237231
-7237231
-7303024
-7237231
-7368817
-7631989
-7237231
-7303024
-8421505
-8224126
-7566196
-7368817
-7237231
-7237231
-7237231
-7237231
-7237231
-7237231
-7237231
-7237231
-7829368
-7303024
-7237231
-7237231
-7237231
-7303024
-8158333
-16448251
-9342607
-11513776
-14474461
-7237231
-7237231
-7237231
-7237231
-7237231
-7237231
-7237231
-7368817
-7237231
-7237231
-8816263
-8618884
-9013642
-8289919
-9605779
-8026747
-7500403
-7500403
-7303024
-7631989
-7434610
-7368817
-7895161
-11184811
-11711155
-10000537
-15527149
-14013910
-15198184
-15592942
-15724528
-15527149
-15592942
-15658735
-16316665
-16053493
-16382458
-16185079
-16514044
-16777216
-16645630
-16711423
-16777216
-16711423
-16777216
-16777216
-16777216
-16777216
-16777216
-16777216
-16777216
-16777216
-16777216
-16777216
-16777216
-16777216
-16777216
-16777216
-16777216
-16777216
-16777216
-16777216
-16777216
-16777216
-16777216
-16777216
-16777216
-16777216
-16777216
-16777216
-16777216
-16777216
-16777216
-16777216
-16777216
-16777216
-16777216
-16777216
-16777216
-16777216
-16777216
-16777216
-16645630
-16711423
-16711423
-16711423
-16777216
-16777216
-9013642
-8947849
-8882056
-10000537
-11513776
-11579569
-10526881
-12369085
-7303024
-7368817
-7763575
-7500403
-7960954
-8487298
-16448251
-16645630
-16579837
-16777216
-16316665
-16645630
-13684945
-15066598
-15921907
-15461356
-14671840
-8158333
-9079435
-9276814
-7303024
-7368817
-9605779
-11908534
-8487298
-10658467
-13816531
-15395563
-13684945
-16053493
-16448251
-16645630
-16711423
-16777216
-16777216
-16777216
-16777216
-16777216
-16777216
-16711423
-16777216
-16777216
-16711423
-16382458
-16777216
-16777216
-16250872
-15395563
-16645630
-14474461
-12698050
-9737365
-8092540
-7237231
-14079703
-15724528
-12698050
-16777216
-16777216
-16777216
-16777216
-16579837
-16711423
-16777216
-16645630
-16711423
-16250872
-16777216
-16579837
-16711423
-16711423
-16645630
-16448251
-16514044
-15987700
-16777216
-16777216
-16777216
-16777216
-16777216
-16645630
-16777216
-16777216
-16777216
-16777216
-16777216
-16777216
-16777216
-16711423
-16777216
-16777216
-15987700
-14606047
-15987700
-13553359
-16250872
-15000805
-15132391
-14737633
-14342875
-13750738
-13750738
-11908534
-16645630
-16711423
-16185079
-16448251
-15395563
-14803426
-16777216
-16777216
-16777216
-16777216
-16777216
-16777216
-16185079
-16777216
-15856114
-16777216
-16711423
-13092808
-10395295
-13553359
-10000537
-14408668
-12040120
-10658467
-10132123
-9868951
-9737365
-9539986
-8421505
-14013910
-13948117
-11908534
-10790053
-10724260
-9934744
-16711423
-16777216
-15658735
-13750738
-10855846
-16448251
-14606047
-16711423
-14606047
-16777216
-16579837
-10000537
-8026747
-10658467
-8092540
-11842741
-9539986
-7960954
-7697782
-7697782
-7763575
-7697782
-7368817
-8618884
-7960954
-8355712
-7631989
-7829368
-7697782
-16777216
-15921907
-12895429
-16448251
-13421773
-16711423
-16316665
-8289919
-7368817
-8882056
-7500403
-9868951
-8289919
-7303024
-7303024
-7303024
-7303024
-7303024
-7237231
-7434610
-7303024
-7434610
-7303024
-7303024
-7303024
-14408668
-16777216
-16777216
-16645630
-15263977
-11382190
-15987700
-11908534
-16579837
-15592942
-7697782
-7303024
-8092540
-7368817
-8816263
-7895161
-7237231
-7237231
-7237231
-7237231
-7237231
-7237231
-7368817
-7434610
-7303024
-7895161
-7237231
-7303024
-7500403
-7960954
-16053493
-16711423
-16250872
-16777216
-16645630
-16777216
-16382458
-16777216
-16777216
-13816531
-10132123
-14935012
-10592674
-15527149
-13487566
-7631989
-7303024
-7960954
-7434610
-8487298
-7895161
-7237231
-7237231
-7237231
-7303024
-7237231
-7237231
-7368817
-7895161
-7303024
-8092540
-7303024
-7368817
-10395295
-10395295
-14277082
-13619152
-9539986
-10461088
-16777216
-16382458
-16645630
-16645630
-16777216
-16777216
-16777216
-16777216
-16777216
-16777216
-16777216
-16777216
-16777216
-16711423
-15790321
-16777216
-15921907
-16777216
-16514044
-12171706
-9868951
-13224394
-11316397
-14277082
-13421773
-7763575
-7434610
-8224126
-8092540
-8816263
-8947849
-7303024
-7303024
-7303024
-7631989
-7434610
-7697782
-7566196
-8026747
-7434610
-8355712
-7434610
-7829368
-11184811
-13224394
-9737365
-12171706
-9013642
-9868951
-16579837
-16777216
-15856114
-16316665
-14737633
-14737633
-16777216
-16777216
-16711423
-16777216
-16711423
-16645630
-14408668
-16711423
-16382458
-16119286
-14935012
-13487566
-11974327
-10132123
-9737365
-8750470
-9211021
-9013642
-10329502
-11119018
-13092808
-14671840
-15658735
-16514044
-7237231
-7303024
-7434610
-9342607
-15132391
-16316665
-16711423
-16777216
-16777216
-16777216
-16777216
-16777216
-16777216
-16777216
-16711423
-16645630
-16448251
-15263977
-12698050
-7631989
-9276814
-9079435
-10855846
-7566196
-16777216
-16777216
-16777216
-16777216
-16777216
-16777216
-16777216
-16711423
-16711423
-16777216
-16777216
-16448251
-16711423
-16711423
-16777216
-16777216
-13750738
-14342875
-13882324
-11184811
-13027015
-15856114
-16514044
-15132391
-13290187
-12500671
-12698050
-11579569
-16514044
-16579837
-16579837
-16579837
-15790321
-15856114
-16316665
-16119286
-16316665
-16316665
-16514044
-16645630
-16711423
-16382458
-15329770
-14474461
-14013910
-14606047
-14540254
-14277082
-14671840
-15329770
-13684945
-15724528
-14079703
-14474461
-14342875
-15461356
-13158601
-13355980
-12171706
-12895429
-13684945
-14671840
-14145496
-13750738
-14145496
-13882324
-13882324
-13092808
-13290187
-12763843
-11842741
-14013910
-16185079
-14474461
-14408668
-15658735
-14935012
-14540254
-16250872
-15987700
-15921907
-15987700
-15921907
-15987700
-15921907
-15987700
-16053493
-16448251
-16777216
-16645630
-16645630
-16777216
-16711423
-16645630
-16645630
-16514044
-16382458
-16119286
-16382458
-16119286
-16777216
-16777216
-16777216
-16777216
-16777216
-16645630
-16777216
-16514044
-16514044
-16514044
-16711423
-16645630
-16711423
-16316665
-16777216
-16579837
-15987700
-15658735
-15263977
-14869219
-13553359
-14342875
-14606047
-12632257
-12566464
-14737633
-15724528
-13487566
-15198184
-16250872
-16645630
-16053493
-16711423
-16777216
-16777216
-16777216
-16777216
-16777216
-16777216
-16711423
-16250872
-16777216
-16777216
-16316665
-16185079
-16777216
-16777216
-16645630
-16777216
-16777216
-16777216
-16645630
-16316665
-16777216
-16645630
-16777216
-16777216
-16711423
-16777216
-14211289
-13027015
-14869219
-13619152
-15658735
-15461356
-11579569
-10855846
-11579569
-10921639
-12040120
-11316397
-13158601
-14013910
-12237499
-14277082
-11447983
-11316397
-16316665
-16711423
-15987700
-16777216
-15461356
-15856114
-16777216
-16777216
-16777216
-16382458
-16777216
-16777216
-16119286
-14737633
-16119286
-10724260
-16250872
-14671840
-14737633
-13684945
-13619152
-9145228
-12566464
-9342607
-16250872
-16316665
-15132391
-13750738
-13290187
-10855846
-16777216
-16711423
-16448251
-15790321
-16777216
-16777216
-16777216
-16777216
-16514044
-15724528
-16579837
-15132391
-13421773
-15921907
-14671840
-16579837
-16448251
-10855846
-9868951
-11250604
-10658467
-12105913
-11382190
-11842741
-13224394
-10921639
-14145496
-10197916
-10329502
-16448251
-16777216
-16119286
-16777216
-15461356
-16119286
-16645630
-15132391
-16711423
-13027015
-16777216
-16579837
-10658467
-7763575
-10921639
-7237231
-10724260
-8026747
-7434610
-7237231
-7303024
-7237231
-7237231
-8618884
-8618884
-7434610
-7237231
-7237231
-7237231
-14737633
-12171706
-8947849
-8092540
-16316665
-14737633
-16579837
-15658735
-10987432
-9671572
-11776948
-11316397
-13224394
-12632257
-11316397
-13027015
-10395295
-14474461
-9868951
-10395295
-16645630
-16777216
-16382458
-16777216
-15790321
-16448251
-16119286
-13355980
-16645630
-16777216
-16645630
-8092540
-7303024
-14935012
-12303292
-10526881
-13684945
-13224394
-14803426
-13882324
-11711155
-13553359
-10790053
-15263977
-10790053
-11250604
-16711423
-16777216
-16382458
-15921907
-16514044
-15066598
-14079703
-12698050
-14935012
-15263977
-15592942
-15395563
-12895429
-14737633
-12171706
-16119286
-12763843
-13290187
-16777216
-16777216
-16645630
-16382458
-16711423
-16448251
-15592942
-15000805
-16185079
-16514044
-16579837
-16645630
-14606047
-15921907
-14671840
-16579837
-15198184
-15724528
-16777216
-16777216
-16777216
-16711423
-16777216
-16777216
-16711423
-15461356
-16448251
-16711423
-16579837
-16777216
-16777216
-16777216
-16777216
-16316665
-16579837
-16448251
-16777216
-16645630
-16711423
-16777216
-16711423
-16777216
-16711423
-16777216
-16777216
-14145496
-12763843
-12105913
-10724260
-8421505
-10132123
-10395295
-9145228
-16316665
-16645630
-15856114
-16053493
-14869219
-14737633
-16777216
-16777216
-16777216
-16777216
-16711423
-16711423
-16777216
-16777216
-16777216
-16777216
-16777216
-16777216
-16777216
-16711423
-16777216
-16711423
-16777216
-16777216
-15987700
-14342875
-16250872
-16053493
-11250604
-7960954
-7566196
-7631989
-7960954
-10921639
-12698050
-10000537
-13092808
-14408668
-15527149
-16382458
-16514044
-16711423
-16645630
-16645630
-16382458
-15724528
-14342875
-12303292
-11250604
-9276814
-9079435
-8158333
-8684677
-8618884
-16777216
-16777216
-16777216
-16711423
-16316665
-16777216
-16645630
-15724528
-14408668
-13619152
-11908534
-15724528
-14737633
-13816531
-14145496
-13948117
-13158601
-11842741
-12434878
-13750738
-12632257
-11382190
-12171706
-14408668
-15461356
-16250872
-16579837
-16777216
-16645630
-16777216
-15856114
-16382458
-15921907
-15395563
-14671840
-13948117
-15527149
-16053493
-14013910
-14540254
-16119286
-16579837
-15395563
-16185079
-16711423
-16777216
-16579837
-16777216
-16777216
-16777216
-16777216
-16777216
-16777216
-16514044
-16382458
-16777216
-16777216
-16711423
-16777216
-16777216
-16777216
-16777216
-16711423
-16579837
-16382458
-13421773
-12303292
-13421773
-11382190
-13816531
-15066598
-15000805
-12632257
-12829636
-12566464
-12105913
-11447983
-11645362
-10592674
-15066598
-15461356
-14211289
-14540254
-13224394
-12698050
-16514044
-16250872
-15921907
-15592942
-16382458
-16448251
-15592942
-16777216
-16777216
-16777216
-16777216
-16711423
-15987700
-16316665
-16579837
-16514044
-11316397
-9737365
-11711155
-9474193
-12369085
-14540254
-13948117
-10921639
-9737365
-9408400
-9276814
-9013642
-9079435
-8355712
-12698050
-13684945
-11447983
-12171706
-10263709
-10000537
-15987700
-16579837
-9803158
-8355712
-10132123
-8355712
-10066330
-11974327
-9539986
-8947849
-8026747
-7895161
-7895161
-8026747
-7960954
-7697782
-10329502
-11513776
-9276814
-10658467
-8553091
-8618884
-8421505
-7829368
-8553091
-8026747
-8882056
-8158333
-7566196
-7500403
-7566196
-7763575
-7697782
-7566196
-9145228
-10461088
-8355712
-10395295
-7960954
-8224126
-7895161
-7829368
-8026747
-7829368
-7566196
-7500403
-7631989
-8026747
-7829368
-7697782
-8816263
-10132123
-8158333
-11053225
-7960954
-8355712
-13027015
-12566464
-13684945
-7829368
-7829368
-7960954
-8553091
-7895161
-7960954
-8092540
-9079435
-8289919
-8421505
-9145228
-10921639
-8750470
-12171706
-8618884
-9408400
-14869219
-14540254
-13684945
-14869219
-9145228
-9539986
-9474193
-11382190
-9671572
-9013642
-9868951
-10592674
-10658467
-12237499
-10395295
-13619152
-10526881
-11908534
-15856114
-16645630
-15132391
-16645630
-14408668
-15461356
-16777216
-16777216
-11053225
-12040120
-11119018
-12763843
-13355980
-14474461
-13421773
-15592942
-13224394
-14408668
-16119286
-16645630
-15790321
-16711423
-15592942
-16448251
-16777216
-16711423
-16777216
-16777216
-16777216
-16645630
-11579569
-11382190
-11250604
-11382190
-9803158
-10461088
-11119018
-9013642
-7763575
-8487298
-8882056
-7566196
-7303024
-7368817
-7368817
-7237231
-7500403
-7566196
-7237231
-7237231
-15987700
-15790321
-15790321
-15658735
-16185079
-16053493
-16053493
-7237231
-7237231
-16711423
-16579837
-16382458
-16448251
-15658735
-14803426
-13421773
-12237499
-10197916
-11053225
-11974327
-9474193
-9671572
-9079435
-9408400
-9013642
-9013642
-8289919
-7631989
-7960954
-11447983
-11579569
-11382190
-15921907
-15592942
-16053493
-15921907
-15856114
-15395563
-14606047
-13290187
-12434878
-16579837
-16382458
-16711423
-16645630
-15921907
-16777216
-16711423
-16777216
-16777216
-16777216
-16777216
-16777216
-16777216
-16645630
-16711423
-16645630
-16645630
-16579837
-16514044
-16316665
-15329770
-14935012
-14277082
-14474461
-14211289
-13092808
-10790053
-11579569
-12698050
-13027015
-10329502
-9934744
-10132123
-9671572
-9868951
-9342607
-9276814
-9276814
-8618884
-8816263
-8947849
-10197916
-7763575
-7960954
-7763575
-8355712
-7631989
-7763575
-7763575
-7829368
-7829368
-7697782
-7763575
-7763575
-7829368
-7829368
-7763575
-7895161
-7960954
-7895161
-7960954
-8026747
-8289919
-8618884
-9145228
-9211021
-9211021
-9276814
-9408400
-9934744
-10132123
-10526881
-10395295
-10921639
-11447983
-12237499
-12698050
-16777216
-16777216
-16777216
-16711423
-16777216
-16777216
-16777216
-15921907
-16185079
-16514044
-16448251
-16711423
-12763843
-13092808
-15198184
-15658735
-14803426
-16185079
-16448251
-13750738
-14277082
-16777216
-16777216
-16777216
-16711423
-16777216
-16777216
-16777216
-16777216
-14211289
-12500671
-10987432
-10329502
-12171706
-10066330
-9013642
-14935012
-13882324
-15658735
-13750738
-16119286
-15921907
-16382458
-16514044
-16579837
-16777216
-16777216
-16185079
-16579837
-16711423
-16777216
-14935012
-15987700
-15592942
-16382458
-12434878
-13816531
-11513776
-13684945
-10329502
-10855846
-8618884
-9671572
-9605779
-9276814
-8026747
-8158333
-9276814
-8224126
-10263709
-9408400
-11250604
-11184811
-8750470
-8026747
-8947849
-8026747
-13948117
-13092808
-15263977
-12566464
-12763843
-16777216
-16777216
-16777216
-16579837
-16645630
-16777216
-16448251
-16777216
-16777216
-16777216
-13684945
-14869219
-12303292
-13816531
-15987700
-16185079
-9079435
-9605779
-8224126
-8553091
-10790053
-10329502
-7697782
-7697782
-7566196
-7566196
-7829368
-7631989
-7895161
-7697782
-7566196
-7500403
-9605779
-8750470
-11053225
-8224126
-7566196
-8684677
-7960954
-13619152
-16711423
-16185079
-16777216
-16514044
-14079703
-12566464
-16250872
-16711423
-15132391
-16119286
-16777216
-16777216
-9868951
-11184811
-8421505
-9408400
-13224394
-12632257
-7500403
-7566196
-7368817
-7500403
-7829368
-7631989
-7500403
-7434610
-7368817
-7368817
-9737365
-8882056
-10855846
-8421505
-7566196
-9145228
-8224126
-12040120
-9211021
-15132391
-16777216
-16777216
-15592942
-16777216
-12171706
-13355980
-9342607
-10329502
-13619152
-10921639
-7566196
-7829368
-7368817
-7763575
-8355712
-8092540
-7434610
-7368817
-7434610
-7434610
-10526881
-9671572
-11908534
-9079435
-7829368
-10329502
-9276814
-8882056
-9145228
-8289919
-8092540
-8553091
-7631989
-8553091
-8684677
-8355712
-7631989
-7631989
-7763575
-7960954
-12303292
-11776948
-14211289
-11316397
-9079435
-13158601
-11776948
-8816263
-8684677
-8618884
-10329502
-8158333
-8487298
-8553091
-8684677
-9211021
-9934744
-15329770
-14935012
-16316665
-16711423
-14606047
-12105913
-15921907
-15000805
-11382190
-9868951
-13750738
-9934744
-11842741
-10132123
-11382190
-11842741
-12698050
-13684945
-16579837
-16448251
-16777216
-16777216
-16448251
-15658735
-16711423
-16645630
-16777216
-16777216
-16711423
-15592942
-14606047
-16579837
-14737633
-16579837
-15921907
-16711423
-15132391
-15527149
-16053493
-16514044
-16777216
-16777216
-16777216
-16777216
-16777216
-16777216
-16777216
-16777216
-16579837
-16711423
-15724528
-15724528
-16777216
-16579837
-14145496
-13092808
-8158333
-7237231
-7303024
-7960954
-7566196
-7368817
-14211289
-10658467
-9737365
-11513776
-16711423
-15987700
-16448251
-16711423
-16777216
-16777216
-16777216
-16777216
-16777216
-16777216
-16777216
-16711423
-16777216
-16777216
-16777216
-16711423
-16645630
-16382458
-13027015
-16119286
-14606047
-12829636
-10921639
-8882056
-8487298
-7763575
-8158333
-8224126
-9605779
-10855846
-13224394
-15132391
-15856114
-16514044
-16579837
-16711423
-16777216
-16777216
-16777216
-16711423
-16514044
-16382458
-15856114
-15000805
-13619152
-14211289
-12632257
-11447983
-16777216
-16777216
-16777216
-16777216
-16777216
-16711423
-16777216
-10066330
-9408400
-8684677
-8816263
-9079435
-9276814
-7631989
-7500403
-8553091
-8158333
-7829368
-7303024
-7303024
-7303024
-7303024
-7303024
-7303024
-7303024
-7303024
-7303024
-7237231
-7237231
-7237231
-7237231
-7237231
-7237231
-7237231
-7237231
-7237231
-7237231
-7237231
-7237231
-7237231
-7237231
-7303024
-7237231
-7303024
-7434610
-7368817
-7434610
-7434610
-7368817
-7566196
-7566196
-7566196
-7368817
-9671572
-10395295
-10658467
-8421505
-7763575
-11447983
-11513776
-12105913
-16777216
-16579837
-16711423
-16777216
-16777216
-13355980
-15132391
-15921907
-16053493
-16250872
-7631989
-7303024
-7434610
-7829368
-7237231
-7368817
-7960954
-7237231
-7237231
-7237231
-7237231
-7237231
-7237231
-7237231
-7237231
-7237231
-7237231
-7237231
-7237231
-7500403
-7303024
-7566196
-7237231
-8487298
-7960954
-10263709
-8224126
-9868951
-9737365
-13224394
-11382190
-10395295
-11184811
-13750738
-13421773
-9276814
-10790053
-11382190
-12829636
-8684677
-9408400
-7303024
-7500403
-7237231
-7237231
-8026747
-9013642
-7960954
-7237231
-7237231
-7237231
-7237231
-7237231
-7237231
-7237231
-7237231
-7303024
-7303024
-7237231
-7368817
-7237231
-7237231
-7237231
-7237231
-7237231
-7303024
-7237231
-7237231
-7368817
-7368817
-7237231
-7237231
-8816263
-8289919
-10395295
-10855846
-7895161
-8224126
-13290187
-13158601
-14737633
-16185079
-12500671
-13882324
-15132391
-15461356
-15724528
-15658735
-16514044
-10066330
-11579569
-7763575
-8553091
-7303024
-7368817
-7237231
-7237231
-7303024
-7303024
-7237231
-7237231
-7434610
-7500403
-7631989
-7631989
-7434610
-7631989
-7303024
-7434610
-7237231
-7237231
-7500403
-7566196
-7237231
-7237231
-7303024
-7303024
-7237231
-7237231
-8618884
-7829368
-10461088
-7434610
-7500403
-14803426
-7434610
-7237231
-7237231
-7303024
-7237231
-7237231
-7237231
-7763575
-7697782
-8092540
-7763575
-7500403
-7697782
-7500403
-7697782
-7368817
-7303024
-7829368
-7763575
-7237231
-7237231
-7237231
-7237231
-7237231
-7237231
-7303024
-7303024
-7631989
-7237231
-7237231
-7237231
-7237231
-7303024
-7237231
-7697782
-7566196
-8026747
-7500403
-7368817
-7434610
-7566196
-7697782
-7368817
-7237231
-7763575
-7566196
-7237231
-7237231
-7237231
-7237231
-7237231
-7237231
-7237231
-7237231
-7237231
-7237231
-7368817
-7303024
-7500403
-7237231
-7237231
-7237231
-7368817
-7368817
-7237231
-7237231
-7368817
-7303024
-7237231
-7237231
-7303024
-7303024
-7237231
-7237231
-7237231
-7237231
-7237231
-7237231
-7237231
-7237231
-7237231
-7237231
-7237231
-7237231
-7237231
-7237231
-7237231
-7237231
-7237231
-7566196
-8421505
-7237231
-7368817
-7237231
-7303024
-7237231
-7631989
-7368817
-7697782
-7237231
-7237231
-7303024
-7763575
-7303024
-7500403
-8026747
-7829368
-9408400
-11053225
-7763575
-8750470
-11842741
-14342875
-16711423
-9803158
-13092808
-15395563
-8289919
-9013642
-8487298
-10724260
-10263709
-12040120
-8092540
-8421505
-8750470
-10526881
-8947849
-10658467
-10197916
-9868951
-12369085
-13224394
-10000537
-12040120
-16053493
-15066598
-16448251
-16711423
-14474461
-15461356
-16777216
-16777216
-16777216
-16777216
-16711423
-16777216
-16579837
-16579837
-15987700
-15461356
-14145496
-14277082
-13158601
-14277082
-14211289
-15592942
-16053493
-16645630
-16777216
-16777216
-16777216
-16777216
-15263977
-16119286
-16185079
-16185079
-16448251
-16579837
-16777216
-16777216
-12434878
-11974327
-10197916
-10263709
-10329502
-10724260
-10987432
-14869219
-13487566
-8092540
-8684677
-9079435
-9474193
-8618884
-7895161
-11513776
-11184811
-9868951
-11645362
-8947849
-9211021
-10987432
-11250604
-11053225
-11776948
-11645362
-16645630
-16579837
-16711423
-16711423
-16711423
-16777216
-9934744
-11711155
-14277082
-15527149
-13158601
-15987700
-15987700
-16514044
-16645630
-14474461
-15000805
-15132391
-11382190
-12171706
-13684945
-7960954
-8882056
-10263709
-7368817
-7237231
-7368817
-7434610
-16645630
-16711423
-16645630
-16777216
-16777216
-16777216
-16777216
-16777216
-16777216
-16777216
-7500403
-7303024
-7237231
-7237231
-7237231
-7237231
-16777216
-16777216
-16777216
-16777216
-16777216
-16777216
-16777216
-16777216
-16777216
-16777216
-16777216
-16777216
-16777216
-16777216
-16777216
-16514044
-16711423
-16711423
-16777216
-16777216
-16711423
-16448251
-16777216
-16777216
-16777216
-16777216
-16777216
-16777216
-16777216
-16777216
-16185079
-15724528
-14540254
-13619152
-12632257
-12434878
-16711423
-16579837
-16777216
-16579837
-16316665
-15658735
-16777216
-16777216
-16777216
-16777216
-16777216
-13027015
-12171706
-11447983
-10921639
-10461088
-10066330
-11513776
-15132391
-14079703
-15263977
-14408668
-13224394
-12303292
-16777216
-16579837
-16777216
-16777216
-16053493
-15921907
-16579837
-16711423
-15395563
-15066598
-16777216
-16777216
-7237231
-7237231
-7368817
-7631989
-10066330
-10461088
-7237231
-7237231
-16711423
-16645630
-16777216
-14145496
-14474461
-15461356
-12040120
-12500671
-16185079
-15066598
-10658467
-10197916
-9934744
-9474193
-10658467
-9803158
-11579569
-10658467
-11842741
-11053225
-9934744
-9276814
-15856114
-14671840
-16448251
-15987700
-13290187
-13092808
-16777216
-16777216
-16514044
-16777216
-16777216
-16777216
-10132123
-13158601
-8487298
-12040120
-15395563
-15658735
-7237231
-7368817
-7237231
-7960954
-7895161
-8816263
-7237231
-7895161
-13421773
-16777216
-16777216
-16316665
-15856114
-16777216
-16711423
-16711423
-16777216
-13421773
-14145496
-10658467
-10658467
-14671840
-12763843
-9079435
-9145228
-8289919
-8355712
-9408400
-8618884
-9013642
-8553091
-9276814
-9013642
-8289919
-8092540
-13092808
-11513776
-14474461
-13355980
-10329502
-10263709
-16777216
-16514044
-16777216
-16711423
-15790321
-15724528
-16053493
-16711423
-15263977
-16645630
-16777216
-16777216
-10592674
-12763843
-10987432
-15263977
-14803426
-15921907
-10132123
-11184811
-12829636
-15921907
-12566464
-15198184
-15724528
-15461356
-15527149
-16645630
-16250872
-16448251
-14671840
-14211289
-16514044
-16777216
-15724528
-16645630
-11447983
-12105913
-9539986
-9803158
-12763843
-11316397
-8289919
-8487298
-7895161
-8158333
-8750470
-8355712
-8158333
-7960954
-8289919
-8355712
-7895161
-7895161
-10461088
-9408400
-11579569
-10724260
-8882056
-9013642
-15658735
-14342875
-16316665
-15198184
-13027015
-12961222
-16777216
-16777216
-16777216
-16711423
-16579837
-16382458
-16579837
-16777216
-16645630
-16777216
-16777216
-16777216
-16514044
-16645630
-16711423
-16777216
-16777216
-16777216
-16777216
-16777216
-16777216
-16777216
-14737633
-15132391
-13092808
-13290187
-15263977
-16119286
-14211289
-15724528
-10592674
-11184811
-9408400
-10197916
-11776948
-11184811
-8289919
-8553091
-8026747
-8618884
-8947849
-9013642
-8026747
-8026747
-8158333
-8487298
-8092540
-8355712
-9145228
-8684677
-9868951
-9671572
-8553091
-8882056
-12829636
-11579569
-13816531
-12566464
-10724260
-10921639
-16119286
-15395563
-16316665
-15329770
-14474461
-14013910
-16777216
-16645630
-16711423
-16382458
-16382458
-15856114
-16777216
-16777216
-16711423
-16448251
-16711423
-16316665
-16579837
-16579837
-16514044
-15987700
-13553359
-14079703
-12369085
-12500671
-11316397
-10526881
-9671572
-9605779
-9145228
-9605779
-9671572
-10592674
-11316397
-12369085
-13487566
-14145496
-15066598
-15066598
-15527149
-15000805
-15132391
